 -2.9496500e+004  1.1400000e+001  0.0000000e+000  0.0000000e+000
 -1.5859000e+003  1.6700000e+001  4.9451000e+003 -2.8800000e+001
 -2.3966000e+003 -1.1300000e+001  0.0000000e+000  0.0000000e+000
  3.0260000e+003 -3.9000000e+000 -2.7077000e+003 -2.3000000e+001
  1.6686000e+003  2.7000000e+000 -5.7540000e+002 -1.2900000e+001
  1.3397000e+003  1.3000000e+000  0.0000000e+000  0.0000000e+000
 -2.3263000e+003 -3.9000000e+000 -1.6050000e+002  8.6000000e+000
  1.2317000e+003 -2.9000000e+000  2.5170000e+002 -2.9000000e+000
  6.3420000e+002 -8.1000000e+000 -5.3680000e+002 -2.1000000e+000
  9.1260000e+002 -1.4000000e+000  0.0000000e+000  0.0000000e+000
  8.0900000e+002  2.0000000e+000  2.8640000e+002  4.0000000e-001
  1.6660000e+002 -8.9000000e+000 -2.1120000e+002  3.2000000e+000
 -3.5710000e+002  4.4000000e+000  1.6440000e+002  3.6000000e+000
  8.9700000e+001 -2.3000000e+000 -3.0920000e+002 -8.0000000e-001
 -2.3110000e+002 -5.0000000e-001  0.0000000e+000  0.0000000e+000
  3.5720000e+002  5.0000000e-001  4.4700000e+001  5.0000000e-001
  2.0030000e+002 -1.5000000e+000  1.8890000e+002  1.5000000e+000
 -1.4120000e+002 -7.0000000e-001 -1.1810000e+002  9.0000000e-001
 -1.6310000e+002  1.3000000e+000  1.0000000e-001  3.7000000e+000
 -7.7000000e+000  1.4000000e+000  1.0090000e+002 -6.0000000e-001
  7.2800000e+001 -3.0000000e-001  0.0000000e+000  0.0000000e+000
  6.8600000e+001 -3.0000000e-001 -2.0800000e+001 -1.0000000e-001
  7.6000000e+001 -3.0000000e-001  4.4200000e+001 -2.1000000e+000
 -1.4140000e+002  1.9000000e+000  6.1500000e+001 -4.0000000e-001
 -2.2900000e+001 -1.6000000e+000 -6.6300000e+001 -5.0000000e-001
  1.3100000e+001 -2.0000000e-001  3.1000000e+000  8.0000000e-001
 -7.7900000e+001  1.8000000e+000  5.4900000e+001  5.0000000e-001
  8.0400000e+001  2.0000000e-001  0.0000000e+000  0.0000000e+000
 -7.5000000e+001 -1.0000000e-001 -5.7800000e+001  6.0000000e-001
 -4.7000000e+000 -6.0000000e-001 -2.1200000e+001  3.0000000e-001
  4.5300000e+001  1.4000000e+000  6.6000000e+000 -2.0000000e-001
  1.4000000e+001  3.0000000e-001  2.4900000e+001 -1.0000000e-001
  1.0400000e+001  1.0000000e-001  7.0000000e+000 -8.0000000e-001
  1.6000000e+000 -8.0000000e-001 -2.7700000e+001 -3.0000000e-001
  4.9000000e+000  4.0000000e-001 -3.4000000e+000  2.0000000e-001
  2.4300000e+001 -1.0000000e-001  0.0000000e+000  0.0000000e+000
  8.2000000e+000  1.0000000e-001  1.0900000e+001  0.0000000e+000
 -1.4500000e+001 -5.0000000e-001 -2.0000000e+001  2.0000000e-001
 -5.7000000e+000  3.0000000e-001  1.1900000e+001  5.0000000e-001
 -1.9300000e+001 -3.0000000e-001 -1.7400000e+001  4.0000000e-001
  1.1600000e+001  3.0000000e-001  1.6700000e+001  1.0000000e-001
  1.0900000e+001  2.0000000e-001  7.1000000e+000 -1.0000000e-001
 -1.4100000e+001 -5.0000000e-001 -1.0800000e+001  4.0000000e-001
 -3.7000000e+000  2.0000000e-001  1.7000000e+000  4.0000000e-001
  5.4000000e+000  0.0000000e+000  0.0000000e+000  0.0000000e+000
  9.4000000e+000  0.0000000e+000 -2.0500000e+001  0.0000000e+000
  3.4000000e+000  0.0000000e+000  1.1600000e+001  0.0000000e+000
 -5.3000000e+000  0.0000000e+000  1.2800000e+001  0.0000000e+000
  3.1000000e+000  0.0000000e+000 -7.2000000e+000  0.0000000e+000
 -1.2400000e+001  0.0000000e+000 -7.4000000e+000  0.0000000e+000
 -8.0000000e-001  0.0000000e+000  8.0000000e+000  0.0000000e+000
  8.4000000e+000  0.0000000e+000  2.2000000e+000  0.0000000e+000
 -8.4000000e+000  0.0000000e+000 -6.1000000e+000  0.0000000e+000
 -1.0100000e+001  0.0000000e+000  7.0000000e+000  0.0000000e+000
 -2.0000000e+000  0.0000000e+000  0.0000000e+000  0.0000000e+000
 -6.3000000e+000  0.0000000e+000  2.8000000e+000  0.0000000e+000
  9.0000000e-001  0.0000000e+000 -1.0000000e-001  0.0000000e+000
 -1.1000000e+000  0.0000000e+000  4.7000000e+000  0.0000000e+000
 -2.0000000e-001  0.0000000e+000  4.4000000e+000  0.0000000e+000
  2.5000000e+000  0.0000000e+000 -7.2000000e+000  0.0000000e+000
 -3.0000000e-001  0.0000000e+000 -1.0000000e+000  0.0000000e+000
  2.2000000e+000  0.0000000e+000 -4.0000000e+000  0.0000000e+000
  3.1000000e+000  0.0000000e+000 -2.0000000e+000  0.0000000e+000
 -1.0000000e+000  0.0000000e+000 -2.0000000e+000  0.0000000e+000
 -2.8000000e+000  0.0000000e+000 -8.3000000e+000  0.0000000e+000
  3.0000000e+000  0.0000000e+000  0.0000000e+000  0.0000000e+000
 -1.5000000e+000  0.0000000e+000  1.0000000e-001  0.0000000e+000
 -2.1000000e+000  0.0000000e+000  1.7000000e+000  0.0000000e+000
  1.6000000e+000  0.0000000e+000 -6.0000000e-001  0.0000000e+000
 -5.0000000e-001  0.0000000e+000 -1.8000000e+000  0.0000000e+000
  5.0000000e-001  0.0000000e+000  9.0000000e-001  0.0000000e+000
 -8.0000000e-001  0.0000000e+000 -4.0000000e-001  0.0000000e+000
  4.0000000e-001  0.0000000e+000 -2.5000000e+000  0.0000000e+000
  1.8000000e+000  0.0000000e+000 -1.3000000e+000  0.0000000e+000
  2.0000000e-001  0.0000000e+000 -2.1000000e+000  0.0000000e+000
  8.0000000e-001  0.0000000e+000 -1.9000000e+000  0.0000000e+000
  3.8000000e+000  0.0000000e+000 -1.8000000e+000  0.0000000e+000
 -2.1000000e+000  0.0000000e+000  0.0000000e+000  0.0000000e+000
 -2.0000000e-001  0.0000000e+000 -8.0000000e-001  0.0000000e+000
  3.0000000e-001  0.0000000e+000  3.0000000e-001  0.0000000e+000
  1.0000000e+000  0.0000000e+000  2.2000000e+000  0.0000000e+000
 -7.0000000e-001  0.0000000e+000 -2.5000000e+000  0.0000000e+000
  9.0000000e-001  0.0000000e+000  5.0000000e-001  0.0000000e+000
 -1.0000000e-001  0.0000000e+000  6.0000000e-001  0.0000000e+000
  5.0000000e-001  0.0000000e+000  0.0000000e+000  0.0000000e+000
 -4.0000000e-001  0.0000000e+000  1.0000000e-001  0.0000000e+000
 -4.0000000e-001  0.0000000e+000  3.0000000e-001  0.0000000e+000
  2.0000000e-001  0.0000000e+000 -9.0000000e-001  0.0000000e+000
 -8.0000000e-001  0.0000000e+000 -2.0000000e-001  0.0000000e+000
  0.0000000e+000  0.0000000e+000  8.0000000e-001  0.0000000e+000
 -2.0000000e-001  0.0000000e+000  0.0000000e+000  0.0000000e+000
 -9.0000000e-001  0.0000000e+000 -8.0000000e-001  0.0000000e+000
  3.0000000e-001  0.0000000e+000  3.0000000e-001  0.0000000e+000
  4.0000000e-001  0.0000000e+000  1.7000000e+000  0.0000000e+000
 -4.0000000e-001  0.0000000e+000 -6.0000000e-001  0.0000000e+000
  1.1000000e+000  0.0000000e+000 -1.2000000e+000  0.0000000e+000
 -3.0000000e-001  0.0000000e+000 -1.0000000e-001  0.0000000e+000
  8.0000000e-001  0.0000000e+000  5.0000000e-001  0.0000000e+000
 -2.0000000e-001  0.0000000e+000  1.0000000e-001  0.0000000e+000
  4.0000000e-001  0.0000000e+000  5.0000000e-001  0.0000000e+000
  0.0000000e+000  0.0000000e+000  4.0000000e-001  0.0000000e+000
  4.0000000e-001  0.0000000e+000 -2.0000000e-001  0.0000000e+000
 -3.0000000e-001  0.0000000e+000 -5.0000000e-001  0.0000000e+000
 -3.0000000e-001  0.0000000e+000 -8.0000000e-001  0.0000000e+000
